5.004464168991459294e-01 -1.697483113375721109e+00 2.390907529173838253e-01 -1.103071294090905985e+00 -4.865015518521358800e-02 2.456816504777479260e-01 -1.691565928252907636e+00 3.737597287126486756e-01 -9.631078597554420390e-03 6.529766373869995144e-01
-5.839428033980015309e-01 -9.591740694505995757e-01 -2.485441309168871238e-01 -5.076398827279205994e-01 -5.469602341062087536e-01 -6.840733288521938515e-01 -4.451908425755087273e-01 1.920854449273542985e-01 -1.058557821602534421e+00 1.629033626074596897e-03
-2.559051628325727634e+00 1.315154972949755141e+00 -7.179031445716266280e-01 -3.018204715590165343e-01 2.185240945213696717e-01 -9.840931993370757302e-01 -8.198187569799085805e-01 4.100131963124521717e-02 3.165395213452601442e-01 9.406733051254774214e-01
1.324198661273380484e+00 -1.385587070983253399e+00 6.434940966798126105e-01 -3.661953753235976383e-01 -6.412663284648300044e-01 6.377111701468212157e-01 -7.942648411927883956e-01 6.086525770580046846e-01 5.617355646519139184e-02 6.891606513329952000e-01
-3.988821540592107362e-01 3.265913155804243684e-01 3.853640738754115502e-01 3.105216899056535973e-01 1.587271366832675668e+00 -7.763849211088845736e-01 -1.461872683465183509e-01 1.965019271807850521e+00 -1.317763957385934992e+00 1.794288229857368133e+00
6.349224441044527545e-01 -9.814312608905952917e-01 3.737941708488083381e-01 7.128896044918273667e-01 1.376649569785010963e+00 9.173426231987096280e-01 3.208135705501486412e-01 -8.991268119331239372e-01 8.416558137341436652e-01 1.209400745437675395e+00
-3.006142560146405351e-01 -1.020456165224560285e+00 5.088782196206534936e-01 1.586079396236924843e+00 -3.419358770410495518e-01 -4.152045884007589116e-01 -1.400518235532186351e+00 6.325815834191780285e-01 4.260506749734453980e-01 7.275475464336922382e-01
1.136408396996900771e+00 -1.034537944334865900e+00 -3.682282507776968861e-01 6.001522052776144811e-01 1.170124158045417584e+00 -7.964527675180524957e-01 -3.525455679238392315e-01 7.999898842119969045e-01 -4.942243347750394089e-01 -2.611647088624767243e-01
-1.120552717866306613e+00 3.156563458148287094e-01 -5.569257185196682114e-01 -1.858646520325887563e-01 2.651952522322167383e-01 4.445671472282150538e-01 1.046619971365158719e+00 -2.255170636637495243e-02 2.558527287329637745e-01 4.658043288492569323e-01
-4.846901393524090107e-01 1.512908983782668582e+00 2.045428572360772357e-01 -2.463027141601945580e-01 1.654464422631435894e-01 -1.830787774934369505e+00 -1.657907120387711875e-01 6.868051425907362173e-01 -1.091541476532277954e+00 3.658051689114587557e-01
-1.872279040155110652e-01 -1.353627156863388636e+00 -9.796327810488392185e-01 -1.370595977161301438e+00 4.904177257812861734e-01 1.977528774993183136e+00 5.285972237851069844e-01 3.736718428817338844e-01 -1.471666659086399154e+00 -8.669456158041013993e-02
-1.859001554908807363e-01 7.705897542795807631e-01 6.011401945995662466e-01 -8.194862700395857957e-02 2.330815717181915048e+00 7.820686838409519615e-01 5.344185235958406333e-01 9.512958538809564990e-01 -5.224800230177469862e-01 -3.646499939788885869e-01
2.285198278348968826e-01 7.597497339779976100e-01 1.809235640384005306e+00 -2.148846319414305372e-01 -9.675770246279761233e-01 3.065488162334070177e-01 1.246425352033978307e+00 -8.540661184913502790e-01 -1.224325432773034850e+00 3.054040815464132211e-02
-5.986250065856798530e-01 -1.084735772574442425e+00 -1.965495274896419398e-01 8.277388013601608696e-01 -3.163722132991128033e-01 3.805642735329095583e-01 -6.801588261726259060e-04 5.364757565601858680e-01 1.236948625847566624e-01 4.233001790835891898e-01
3.281692154651537074e-01 -2.566255893721945402e-01 -2.072897999770577648e+00 2.062929132182643954e+00 -7.407545928848944250e-01 9.954231834183961680e-02 -9.639228167122358970e-01 -1.441862377839683740e+00 -5.037788827550824244e-01 3.683449771366096304e-01
-2.426704929982188563e-01 1.348805864751611017e+00 3.052269615031851235e-01 -5.681173185009582571e-01 8.778242360240575692e-01 4.071180551902384148e-01 9.963008918643461165e-01 -6.233160441065849211e-01 1.131777638248684381e+00 5.585249221531791708e-01
-1.455654605184562467e+00 3.419188040890145941e-01 6.147301203288919602e-01 5.295924526148461098e-01 9.071387846162382029e-01 -6.555491754726081588e-01 3.159283025574612380e-01 6.816453982384500510e-01 6.215784667390389373e-02 1.084243995732990129e+00
3.119634144907101891e-01 5.021381407723668477e-01 1.286158392570938336e+00 8.795603187171908699e-01 7.106322655554996315e-01 -3.742510899862574458e-01 -1.522052914604417939e+00 -1.266548768868643871e+00 7.028403037235045892e-01 -2.979555417717248411e-01
-2.845259570090888368e-01 -1.189421751900146429e+00 -1.521854773404958783e+00 4.752517418053049392e-01 -1.501915020848068272e+00 2.423531565722507886e-01 -4.905313230737798902e-01 -5.087707010873080415e-01 -1.019322063698995473e+00 -1.301024528240892764e+00
-3.988013418012759659e-01 8.719624372021165248e-01 -3.292903950038520433e-01 -1.093729660181828933e+00 1.704693633793850915e-01 9.888668519039424121e-01 5.430787000484966764e-01 -2.182793837147671279e-01 1.112557696088829928e+00 3.185617341294869065e-01
4.266288847163774434e-01 5.196791958694219060e-01 4.802011620818343318e-01 -1.033642349184628051e+00 -1.081383058270079411e+00 -7.817991675265963114e-02 -3.176774544213424867e-01 1.126426950410762906e+00 -5.247238251567286627e-01 2.364220246119748681e-01
2.361858136594061630e+00 -1.644662975557620865e-01 -7.578433234053925105e-01 -4.842725805220476909e-01 1.161253789562635141e+00 2.277267875085056570e+00 8.086815320148639241e-01 2.679273737152968460e-01 1.476104450000855550e+00 1.241315503854013125e+00
1.055739991041412251e+00 -5.983289634573638605e-01 1.777849780138111291e-01 -2.827921429632005990e-01 -7.948937458527526312e-01 -2.629562082562719727e-01 -4.692291387377744982e-02 -2.809938591743542657e-01 4.643657089051428932e-01 9.980537984579279653e-02
-1.049731175729867877e-01 -4.670886191578619839e-01 -1.353953007359745886e+00 -1.053821023421742664e-01 -3.751009922972453614e-01 6.282202933510264153e-02 -9.910512847943938608e-01 -1.897813479702857020e-01 -1.760783264115453717e+00 7.266026006605535992e-01
-3.555872720689252919e-02 -8.172962984842806478e-01 -1.792842433626100629e-01 2.154567289141948727e-01 1.218622680157611660e+00 1.106450811695631309e+00 1.879897778590752244e+00 -4.447032868768546199e-01 -4.661561046107092210e-01 2.626928619058319092e-01
6.142209438978412095e-01 6.722320494221154519e-01 1.537468203561230373e+00 1.016445442374473762e+00 9.990928135690110290e-01 1.437861075694692792e+00 -9.304278493398155936e-01 3.972273733852854649e-01 2.716752980398155159e+00 3.790986438112979307e-01
-6.651161512381603691e-01 5.204446006534142743e-04 -1.492307936889017972e-01 3.266165281910792251e-01 -6.716656297210006343e-01 -1.105986612262415347e+00 1.133208538065277660e+00 1.520052358103062273e+00 -8.334427474511774125e-01 8.612288429639375353e-01
-2.816108303089919662e+00 1.266364869671743554e+00 1.780550456825173433e-01 -3.154664544306662322e-02 -2.176290446780081433e-01 -1.704198095510893962e+00 -3.031530155922501080e-01 -1.395149808592071605e-01 2.022375692506107603e-01 1.490661923727711335e-01
2.101625769811213296e+00 5.834505238067458355e-02 8.215870146504414828e-01 4.210276395899643642e-01 -1.632471601159666053e+00 4.679828417198067525e-01 -7.404947151916473069e-02 6.026591236588212386e-01 -1.950083469077668497e+00 -1.020902200967989559e+00
1.762414241182283847e+00 -5.256486774141468921e-01 3.816282068778107384e-01 -1.492560291969201147e+00 3.560646934461395574e-01 -1.692534446529337488e+00 -2.695294667671164351e-02 8.082182759044009845e-01 1.353234284136264620e-01 -2.316136498451459858e-02
-1.158728054112924122e+00 -2.635858967548869725e-01 6.495407116786362511e-01 1.545624507791623081e-01 4.743396442081149744e-01 1.051467903015231631e+00 -5.465569039640708615e-01 5.183209763461011921e-01 -5.983650044115276234e-01 -5.402325749148524370e-01
-2.871486346403860357e-01 -4.649544022393962139e-01 -1.835975279193993010e-04 6.774346831873320207e-01 1.333013931190057677e-01 6.300780335463234128e-01 8.571114236496260030e-01 8.858005485630014719e-02 7.365128092749019251e-01 -1.496011390662935536e+00
-5.562509412867620850e-02 1.753462470109773408e+00 -1.105763747656611784e+00 -5.404222295109974983e-01 -7.576922987821539390e-01 1.029156354989787081e+00 -7.603224638306393945e-01 5.487658220003941434e-01 -1.042168809854350786e-01 3.107071249113526612e-01
-4.594301628253490977e-01 2.099572122645178673e+00 9.484587709835675673e-01 -1.488039535371397548e+00 4.162702826712885162e-01 -7.663126759699353530e-01 1.551224541861006556e-01 8.650105832831931352e-01 3.300423688090866475e-02 9.646513631729730642e-01
1.496032062159884157e+00 1.564387237004586928e-01 7.412994067445384527e-02 4.779520557641840361e-01 -4.166970951053946409e-02 7.517984599281235525e-01 6.671940360842163464e-01 -1.648922267266937469e+00 9.747754780483605108e-01 2.788758041566004042e-01
-1.581612973935548450e+00 2.939516309523480531e-01 -6.340349245890291030e-01 -1.246400292893505402e+00 1.056112564190275327e+00 -2.475433521671782378e-01 1.946404842371171728e+00 -1.332109995832045479e+00 2.403179715725334842e-01 3.453126151245025088e-01
-1.256437563672415436e+00 -3.101951115471438536e-01 -7.488329304551378796e-01 9.738467427564820311e-02 1.498419730284482831e+00 1.457558027731577499e-01 -7.752040449034512948e-01 -1.958915393850136910e-01 2.027559687502586694e-01 5.101474302496233904e-01
-3.233100623633246018e-01 1.068571487692825839e+00 -2.390886457437467749e-01 8.000648674246341185e-01 -8.221434605505436588e-01 -6.606555347037829096e-01 -1.263299402461408150e+00 1.232842119421019844e-01 -4.574030556728714281e-01 -1.057450593924885496e+00
-1.271149346712902251e+00 -4.844922156311118888e-01 -1.582088866620399603e+00 8.109672425674756546e-01 -9.318070754659147914e-01 5.350165836133023989e-01 -2.414529368208530660e-02 -7.405193887586247747e-01 7.570171841838285731e-01 -4.714626893748705139e-01
1.407172033721115212e-01 -9.459507426255798768e-01 3.134318558585082459e-01 -3.461081714119624841e-01 9.676731347834850450e-01 9.323085851738609209e-02 3.944091988461784215e-01 -1.423234954800542074e+00 1.252184856304251470e+00 -2.287254091713803450e-01
-7.899122456903630018e-01 7.719373241558041832e-01 2.823987124839710816e-01 -7.120592438501215371e-01 -1.191884352673148406e+00 -1.375120847896001974e+00 -9.542627901576987703e-01 9.118716903562480436e-01 1.550794416070176429e-01 4.909361417677707284e-02
-2.982383289017357941e-01 -7.254899173438855708e-01 -7.997111844804581926e-01 -2.920614769016005585e-01 -2.734317904016729250e-01 -1.337667671277955328e-01 -8.465645682823888518e-03 -5.753965540111010135e-01 -8.606455289332642922e-02 3.936150805647005146e-01
-8.300546376888245925e-01 6.181274113581958218e-01 -5.007395384884475442e-01 -9.149371707672658838e-01 1.086522192551153898e+00 -1.310013836047583036e+00 1.373133834452727964e+00 -1.623786729652481053e+00 -1.166319946598470825e+00 -4.117149123443927805e-01
1.423332319635356003e+00 5.820305893809638587e-01 -8.718576284823306155e-01 -3.514714101027156118e-02 2.347519208386816825e-01 1.223636363564127416e+00 2.890294423660805245e-01 -2.741455476431697291e-01 3.395136993547177018e-01 -2.834136848667565545e-01
1.944234875281301567e-01 8.421655446063898154e-01 9.278089201110977235e-01 3.751162481739409721e-02 2.124854413529272124e-01 -2.687254797139601581e-01 1.544585899534157258e+00 -8.232148553651255640e-02 -1.762161085042692199e-01 -2.186380924129752504e-02
2.114115688897028333e-01 -8.433268041682567828e-01 8.640459170404596323e-01 1.032377963462496773e+00 -5.059799703722188680e-01 6.869534784011939177e-01 -1.277975932557061656e+00 -5.342622867536903630e-01 1.243356289364704104e+00 -8.118460906143132316e-01
1.132907008027976392e+00 -9.036871869687839176e-01 1.140257200535577553e+00 1.761278574810680175e-01 1.819729009617432558e+00 -3.829320547047914136e-01 1.022005369548490528e+00 1.786950258565792149e+00 -3.676800357172996803e-01 1.148672404137499159e+00
-2.006421720771552675e+00 -9.273336321743987920e-01 -7.954204035373685366e-01 7.397745671327280448e-01 -6.693473479722921171e-01 8.327943794704786851e-02 -2.102216626728256710e+00 -9.044805101983147688e-01 4.228789309803610008e-02 2.692814905365284450e-01
1.715787836225050267e+00 -1.362211517585783183e+00 5.420544870822866512e-01 -9.248385603168250979e-01 -3.382660351244632935e-01 -8.658288014491961615e-01 2.084580342624025029e+00 3.481420737760781980e-01 -3.303405372339098256e-01 -8.440408999796726874e-01
9.802692974776348045e-01 1.300309322099947096e+00 8.065801248001007728e-01 1.088909438019404652e+00 4.199486519516519301e-01 1.013224626278314444e+00 1.018048986794439115e+00 3.021034505861789898e-01 2.965011468957899909e-01 -4.534401018317496534e-02
9.382405921107507263e-01 2.513904520458703495e-01 -5.334025498840014867e-01 6.462685951955464692e-01 -1.078059565506244821e+00 7.355634777847055439e-01 -5.618318201249354882e-01 4.224991278048065291e-01 -3.669339617815605553e-02 -2.710091758583431654e-01
-6.543768606464991366e-01 -2.041820737426396803e+00 4.269872410867261991e-01 1.343050199059015182e-01 3.249579337799023970e-01 -9.765365533621741534e-01 -8.986832207643502546e-01 9.815672417667533622e-01 -6.456646065341906660e-01 1.414094267789309245e-03
-6.949745629635306621e-01 2.780631699359861764e-01 1.124800283767749126e-01 6.108964010764997843e-01 7.172151120502021082e-02 5.304453763995303772e-01 6.030435144179506768e-01 6.082232547775321407e-01 -3.969255125910396975e-01 -9.836406067789230656e-01
-4.625225802558623894e-02 5.771818701114467265e-01 1.204853979328827790e-01 6.628557474411576056e-01 -1.119348078082173625e+00 -5.340807085311265884e-02 4.524729241695545912e-01 3.822349453113940698e-01 -1.616219190569783359e+00 -3.947146131674823533e-01
5.592199392946359954e-02 -1.914600751780623222e-01 3.949306652568981280e-01 1.436559409719436742e-01 -1.212987526737300481e+00 -3.810446829742226704e-01 -1.031292362130483420e-01 -7.884796148836197283e-01 -5.579761829013616392e-01 -7.993245311938750042e-02
4.309558943598754133e-01 1.191039573064576196e-01 1.513970891316578582e+00 -7.576792997818806441e-01 -2.931407044306771348e-01 9.682968213095499710e-01 1.987555404451155860e+00 2.313549624925171355e-01 1.760593208126867815e+00 -7.952501309677975083e-01
-1.771132267930728976e-01 -2.424670181082010795e-02 -1.855746432719417305e+00 -6.284820336959960896e-01 -1.545717890117595639e+00 -9.404999182726185847e-01 2.350737677683113758e-02 1.268203722053420801e+00 -1.413000837522865538e+00 -6.732622513182267010e-01
-1.129883862479774681e+00 1.897432320464171429e+00 -5.917050685507173613e-01 -3.647912721476669895e-01 1.393318604320880727e+00 -2.835581812284658776e-01 1.111804422599494302e+00 1.705216806476426372e+00 5.220344551597901894e-01 1.487284118456626558e-01
7.262070101038792247e-01 -1.229403361869666700e+00 1.045124807092743913e+00 -1.523603049403763066e-01 1.844864764055639261e+00 -8.203589099772010673e-01 3.306810553533603980e-01 5.249040121418778737e-01 -5.738167086061901623e-01 1.153874260486472014e+00
9.329599686349854260e-01 -8.976327183062168258e-01 1.199860104561744301e+00 2.346218836448602241e-01 -1.450126124603501099e+00 -4.771419879881816373e-01 4.896068750533694169e-01 -9.041788040866085563e-01 3.912718035048709520e-01 7.128582973106090126e-01
1.577708582855241459e-01 2.757468159944144181e-01 -1.358467260544113264e+00 1.204268638874014252e+00 -2.085287365175498842e-01 1.327504821418912018e+00 6.313655737348964347e-01 -5.554063426497770628e-01 -6.223579478564771339e-01 -1.108266050511552248e+00
-5.622515346776791878e-01 -1.085629846877128601e+00 -1.271327855730323364e+00 -7.144288996902854461e-01 -1.167249574385406330e+00 -1.041646020653183013e+00 -3.202138520022346224e-01 2.112170881298081504e+00 -2.602125535663624589e+00 -2.026036355170652392e+00
4.260008209804768131e-01 1.330649636537886371e+00 7.676047763845990080e-01 -5.923282034976120464e-02 3.291659002561361236e-01 -1.499349926533198651e+00 -2.200338907465861027e+00 -2.511489674011166962e-01 1.064720698890841089e+00 3.623565259014295825e-01
-2.084191122755881254e-01 1.538652515631101503e+00 -3.684023295637631756e-01 6.081210534576334537e-01 -1.583452934570377169e+00 5.489067170782571115e-01 -9.121602483424683383e-01 7.638765691517491324e-03 2.315688485058549073e-01 -2.147037675878014640e-01
-2.966981992520982270e-01 -1.298876220872682286e+00 -5.079357135367756904e-01 -7.437508915763281214e-01 -4.925464415460860113e-01 1.044977752561678130e+00 -1.811754801513666413e+00 -1.400780252745268406e+00 6.246018064024314587e-01 -1.516058717280744705e+00
-6.205831612538200703e-01 1.017434284955106127e+00 8.116615470052749304e-01 1.404743891342433992e-01 -8.765482012448355675e-02 5.544048403470140940e-01 -2.253040080998000017e-01 1.313066034445012908e+00 -3.622398946679194487e-01 -8.365891150638402607e-01
-1.455132772799561325e+00 1.370595366472942278e-01 4.707948589735515554e-01 -2.225546925124967101e-01 -3.344861472939739677e-01 3.325452047866002681e-01 -1.116587352844491399e+00 7.930240832526024020e-02 -1.611344254639483609e+00 -2.106324177451645296e-01
5.071405360111189697e-01 9.565767019566328022e-01 7.427403168962327662e-01 -1.187001097191633825e+00 9.175284822079952940e-02 4.896444656257028516e-01 -5.317628877245270669e-01 2.424430638771334773e-02 3.077615066016165524e-01 7.296083175733421022e-01
-7.659778398440291181e-01 2.334495020305066060e+00 5.614763893342940987e-02 6.638858540091403526e-01 -8.380617826774442447e-01 1.344342525156900336e+00 -6.910228604154222687e-01 1.138201829360088457e-01 5.146919234474212068e-01 -2.264558269740325258e+00
-8.192367279337967600e-01 -9.075590582224628555e-01 -2.360883470572795462e-01 -6.001761086778697463e-01 9.435574300080807886e-01 -8.732918888334034735e-01 -2.655214943459876853e+00 -9.566994602797442016e-02 -1.034722162940972856e+00 6.423112865523720183e-01
-5.867563536737095964e-01 -6.247402312733098956e-02 -9.780916066784662855e-01 -7.445455484906027266e-01 -3.867356420807931960e-01 5.686038917434147466e-01 -4.280098122799678162e-01 -2.640210479076446903e-01 -1.450073967009467557e+00 -1.223801008862990036e+00
8.537982954005034486e-01 1.499370529336606861e+00 1.661293579425926925e+00 -4.688872055343838996e-01 3.712908699787305644e-01 -3.964308860941697654e-01 -5.182054130772888456e-01 -9.885539163193871603e-01 -7.352295503275940725e-01 4.684025229819014924e-01
-4.496361552721227228e-03 5.625358627778379583e-01 2.102755709715706522e-01 -4.049665796934389106e-01 1.637631929360043315e-01 9.981984747340543196e-01 6.099760439590617978e-01 -1.644223848621103878e-01 4.895346674277897270e-01 1.228336646735790072e-01
-2.449599813603715315e-01 -7.341036611518877431e-01 -4.062004751308477823e-01 -3.241496944703655125e-01 -8.902172178016318771e-01 -5.047606336163269480e-01 -1.272402111350399434e-01 7.855755037353538695e-02 -1.308756011374048844e+00 -1.281257862104861589e+00
-1.453069097308759272e-01 5.586009033179983874e-01 -4.447956456951974169e-01 6.137583393671139365e-02 5.296758401609793498e-01 1.358434694696161460e-01 1.321183614238369275e+00 -4.850114464882797627e-01 3.257547514908518682e-01 1.665780387214630121e-01
1.490616654794187035e+00 7.245218784651717980e-01 7.234865799555572075e-01 1.384186319195841675e+00 -2.222424343432773119e-01 1.541636400956019892e-01 -1.411123383557527866e+00 5.274956660582391654e-01 -1.307995972241931260e-01 2.024691779057369523e+00
-2.629924579886836478e-01 -1.548502607571829781e+00 5.710348522861268261e-01 -4.130316493163576630e-01 -2.320052237404789608e+00 -6.889663420127642990e-01 -5.432993369022439678e-01 -1.241391778553614156e+00 2.688572646956654544e-01 -4.930650385281626913e-01
6.087854503445629950e-01 -3.894182740360218054e-01 1.255967221832827052e+00 -7.864043963592304287e-02 1.008629494586582354e+00 -7.546416944128774007e-02 1.976202695721819502e+00 -3.442955476446813434e-01 -1.194564831137631677e-01 -6.811203294570781219e-01
-1.524305116455521691e+00 -5.051053700396818114e-01 -3.329421059299903507e-01 -3.980604199819191558e-01 1.146849381888207065e+00 3.899310781784652846e-01 7.561664047022774726e-01 -4.090941775348675424e-01 4.861266748609111010e-02 1.124287114268071264e+00
-9.830917584344084359e-02 -1.464287419420551961e+00 1.043518432597238421e+00 -7.782246284710959972e-02 -9.604687113915655328e-01 -1.688385157608344178e-01 2.024961295583659060e-01 7.214266553252315362e-01 5.368897662317348995e-01 -2.728021989925633051e-02
1.657020645595658648e+00 7.257198461205033313e-02 -3.599252735632294670e-02 -2.916685873971887610e-01 2.270803526617761192e-01 -8.229880835455211097e-01 -8.488082696361511914e-01 3.995280682178058984e-01 -1.376279571974875271e+00 -1.920775504075626361e-01
-1.026782192791399373e+00 -1.453252701606629060e-02 9.930964820526555492e-01 8.405498038251616455e-01 4.668180870897231660e-02 -5.519594420464419837e-01 1.387667767727883694e+00 -6.833345804839205395e-02 6.573109370271827956e-01 -1.164851109671348528e+00
-2.473459456507980658e-01 -7.261027383511298172e-01 9.937764481899917790e-01 7.468564833720428009e-01 3.803652557654431110e-01 4.785688851643936648e-01 -1.040457506345544347e+00 -1.996742057539760695e-01 -2.671160027688859739e-01 1.040958065256364362e+00
-4.508900104580228496e-01 -6.459633594166025450e-01 -1.127868782845327544e+00 -8.722242631039344163e-01 7.293105724294968173e-01 4.144670277876486009e-02 9.812887176504120346e-01 -2.624209534293030499e-01 1.751174340753932912e-01 -6.159842903445852391e-01
3.930182932572420240e-01 -6.907240975381323533e-01 -1.667714849852333647e-01 -6.577895729118004020e-01 7.843537412819469035e-01 6.722570105294636278e-01 -1.497630413021945772e+00 2.585981862575960744e+00 -3.353267393889935305e-02 -7.300215010398881654e-01
8.247798320624067925e-01 -9.801888306323218725e-01 1.170361297555875951e-01 2.788794074347535346e-01 2.030096047346296728e-01 1.984464973865384396e-01 6.967513834401353190e-01 -2.519734733264001880e-01 -9.349078874550752483e-01 -3.373738691148917557e-01
2.815804694928398799e-01 1.266041825613443139e-01 6.745685100197030826e-01 1.133992312695487170e+00 5.253736254248930759e-01 3.119678515637870131e+00 -1.027322053254604795e+00 7.360520975250043653e-03 1.783294779299181787e+00 1.931460166390340238e-01
-1.943347107766514939e-02 7.916124812629899976e-01 -6.025385515742065490e-01 -5.753377856695673920e-01 1.124359135151275835e+00 1.248681565237525382e+00 -3.790080809590130884e-02 1.567158532904546764e-01 3.679370168713249067e-01 7.873407170523712972e-01
1.056472386160124843e+00 3.937181939370991701e-01 5.693412379218366626e-01 -1.090880554352300080e-01 -1.220612293515199287e+00 1.120720716700547070e+00 -4.391885688017129752e-01 -5.151540612555440823e-01 -2.655015577858477194e-01 2.218661253210303108e-01
3.079498512223190210e-02 -8.837292381102728189e-01 3.996703260413486669e-01 -3.237363898803632956e-01 -2.999307254245059395e-01 2.087615225480035086e-01 -1.748415720621386837e-01 -8.247330819378857480e-01 5.597395646018381576e-01 -1.506934342586015163e-01
1.049647883867235176e+00 -6.806143518816771820e-01 -5.578774290173676986e-01 -7.395224169725739261e-01 -1.212876327803910970e+00 1.308247468437744532e+00 7.473418296539718897e-01 6.427575431752555746e-01 1.646106612468446750e-01 4.179823175341039754e-01
-4.574209074948091813e-01 9.748613430550528980e-01 2.148661706270795335e+00 1.257225784455091810e+00 -1.177117198091078287e-01 8.579810534260977617e-01 1.793742136466067727e+00 -5.194908145987817694e-01 -2.664222898273865825e-01 -9.627776098000064842e-01
-1.782077999195681217e+00 -1.026149038254607015e+00 9.457448295135270078e-01 4.069809363959870918e-01 1.575944661310768380e+00 9.574776562907352240e-01 7.742239508889556809e-01 1.099625640808244986e+00 1.308919059732009116e-01 -4.218829543856500441e-01
-2.880592127769677768e-01 -4.832386891100847737e-01 -1.163473094129955809e+00 2.625120458390707845e-01 -1.196335967189968486e+00 8.195940110043937743e-01 -1.274227618248663152e+00 1.241029685494376533e+00 2.536068014735282095e-01 -1.752133120357612706e+00
7.572972870719523186e-01 9.503341352907544726e-02 -6.726563427470170220e-01 -2.300300673368559368e-01 9.159043196164600165e-01 -6.923558772735841638e-01 9.969541632949772969e-02 -1.546490171588555951e-01 3.454523905571014741e-01 1.633832006722067076e+00
3.720645647783056287e-01 4.396280766920497851e-01 -4.306717249256950542e-01 -1.111656592260792609e+00 -1.455339954229268207e+00 -3.176879561848219846e-01 6.171225768209270823e-01 -1.270257460835717556e-01 -1.258515156283261716e+00 -7.385569277964505464e-01
6.223075903837588241e-01 3.980990851773753003e-01 7.191411201788634466e-01 -6.011978229201471180e-01 -1.326665408938874746e+00 1.690531921779952484e-01 -3.838702427255943350e-01 5.071361795953879259e-01 -2.465660693590630281e-01 -1.031516278803226827e+00
1.265682132452262687e-01 1.148174829394076779e+00 -3.883772703759231781e-01 8.217704087251033462e-02 -3.707471782416520423e-01 1.554573263580825371e+00 -1.921886347506612580e+00 -1.394153723929896893e+00 9.233425070301973792e-01 1.482577522995461548e-02
-1.518606819722975843e+00 -4.532199506788432974e-01 -1.672004942806949723e-01 4.891450618012457840e-01 6.158442991412047540e-01 -1.701690036469140743e+00 -8.370452618492423003e-02 6.181356485711965165e-01 -1.026659976814679798e+00 5.255977275489206457e-01
8.377887875989742383e-01 -7.170180461953550299e-01 -8.769014517071530568e-01 1.265544832329719427e-01 3.588515619810655477e-01 2.118361169815969447e+00 -1.247757523641208621e+00 1.326398767909255261e+00 6.987744285412577083e-01 1.064362175177009373e+00
